3.4852543980597543,3.29149480745135,3.2109321750411235,3.1661036939738394,5.463700307957533,5.293958265904171,5.2239309513359435,5.185269921594211,7.587725476003621,7.431937325922176,7.346011187435269,7.28795346817132,9.438726208303159,9.28230494471827,9.223463673266613,9.193977517869378,
3.2212192330222966,3.0885961371198043,3.0463968899512697,3.0220851730698617,5.352007460394979,5.191869065556848,5.141158924728152,5.116724361569744,7.613475203643646,7.4545399394517435,7.374148848628227,7.325370406655035,9.657812568812501,9.503720460337306,9.420372425357959,9.368208496194718,
3.288253207146799,3.1523669785768806,3.1095965965541854,3.0885439221540483,5.4666134176905,5.288657981970549,5.22208823107121,5.188772022497153,7.6667156156367255,7.509444742124308,7.42567556607888,7.374036841673496,9.555997222389587,9.387947013267487,9.313102478377951,9.272144668557447,
3.2434672071344997,3.114102131313636,3.0730841488538676,3.0510090051877286,5.407846300530167,5.246264809990683,5.188890668500862,5.160415187544742,7.51190152381786,7.3536943991387504,7.282757004059378,7.242781989356607,9.696794213267959,9.548260862315223,9.46308280702497,9.406487403394246,
3.2947644182573037,3.1572659075327745,3.1145543266018745,3.0936708567843314,5.427516819967649,5.256417333621982,5.200980118517563,5.1766493548359245,7.519389933008572,7.3582338633408595,7.282712089211475,7.23788216244277,9.647111069218191,9.479761658736553,9.398285819947642,9.353165142242888,
3.473864949829798,3.2752877800736235,3.192989169260303,3.1474955544415018,5.5278400475305585,5.346792200584617,5.277812391175338,5.245522859137776,7.46426073440235,7.304908928703315,7.241350796443074,7.208289792171786,9.609216498904956,9.438151561213413,9.359918921993275,9.318050540369283,
3.3847233537929116,3.206356655638023,3.1296964932588183,3.0846333951591465,5.395956718571652,5.242842845954437,5.18828552833367,5.161156401352511,7.640117154873764,7.481111718583357,7.398862314814043,7.349950168483588,9.790789896535987,9.656128672560946,9.572388651161186,9.517800193401419,
3.3301793302952145,3.176679951938848,3.1268923295835553,3.101907540935373,5.558853920065031,5.399753074589834,5.312263184779353,5.254509735473894,7.569756095730996,7.408677502503237,7.332166305135467,7.288045610971931,9.774079036379337,9.64092515020344,9.556077796296789,9.496479993770187,
3.4161063111922876,3.26231576399592,3.2042695282791316,3.1754344875122715,5.44820588254958,5.29996654731985,5.233451585671886,5.194595538668452,7.574795849325915,7.408775750959584,7.3320508821682795,7.2887655439437,9.460684789067935,9.299241716353569,9.23765667932351,9.20700032509256,
3.325909479687887,3.166657469656623,3.1097383529732756,3.078252218268979,5.324196533011698,5.177841687483636,5.129086487241636,5.104507194245977,7.588810925889975,7.439902379824008,7.359132923687881,7.306552024864428,9.704710595479607,9.547504016332809,9.462733111387713,9.412386726593763,
3.3570702915364,3.1920177953602678,3.133500120766061,3.1022111849019463,5.408071688949433,5.250897537298681,5.193287962635456,5.1640113691864356,7.582897880415175,7.407783619856822,7.319298197302191,7.265040225603357,9.541739313857137,9.384265846237138,9.311187756786893,9.269065377166562,
3.1992516594955234,3.068323818938649,3.0230430354567215,2.9950680032925674,5.385964613894428,5.241042001173732,5.1879957070082074,5.1613643915016745,7.602104927615002,7.421667109905578,7.34399894472022,7.30532311065026,9.507380549414266,9.329290041336114,9.26342515996092,9.232841574908258,
3.4470351282108225,3.265623416996286,3.1960383424661085,3.1593598469038477,5.422271225895541,5.2607830213785105,5.203022892592493,5.174804398275486,7.428376648927993,7.268154447854431,7.210988342103717,7.183461296545527,9.613059549125333,9.45013195393345,9.370071714591905,9.323201777228924,
3.4764228792284686,3.3081555258044837,3.2301486495309195,3.1849305623321644,5.52501709807909,5.36196864657438,5.2881783913897324,5.245795352977499,7.567651364808277,7.39758687851611,7.322322863364588,7.281632755021982,9.692373588398667,9.530649809930601,9.446383277933743,9.3976658326902,
3.4133351828052554,3.222548256563042,3.154235242460196,3.118758516060423,5.542930601912711,5.371496134295581,5.293167883767539,5.248406293782386,7.670941149156052,7.509009006335426,7.423461899081363,7.371341021498606,9.440061644788585,9.273257742041856,9.216017692135464,9.189872697591936,
3.267952021618167,3.10841963824799,3.0524193126152017,3.0193788815822007,5.431981750409189,5.2705227922698485,5.203507694902429,5.1659348652715025,7.572992556077239,7.408417284548261,7.331938658483718,7.289045707921862,9.551128629638878,9.387811329042759,9.31438391936308,9.27400942647866,
3.3035968822242014,3.129538495332705,3.0650313794018897,3.02709899886284,5.375213335747854,5.214550928284766,5.16359890131655,5.140068109471555,7.591875930478675,7.425326457733155,7.3475645167552,7.304457911901834,9.664090654288575,9.500761975775353,9.417487578301,9.368719022188364,
3.3378310201098933,3.1752337291736485,3.1119014200701383,3.0748034245914337,5.443993349537607,5.272447540027269,5.212185836227735,5.183752121092741,7.532650249268357,7.3685612216838905,7.296737991066134,7.258115868018756,9.620227707814312,9.442421650312149,9.363818605659565,9.324286864718061,
3.2829589673184585,3.1341648370076376,3.0848622629957654,3.0578129340836537,5.4130449947962775,5.25809606750156,5.196543203730694,5.163399726225578,7.6262737005640115,7.4593362713996045,7.374533181041549,7.323294673315175,9.681095772994063,9.525266191085002,9.439624112795787,9.385553237164288,
3.459648626323982,3.298389263657895,3.225290185206753,3.1837155384278604,5.512105177564016,5.335446673224266,5.266292960510716,5.231940045097185,7.596181209275914,7.438162400319553,7.358183379516026,7.308615821198985,9.681944230510112,9.521786951224179,9.436628284028695,9.385323907180517,
3.5061645687980154,3.329424366578351,3.2459295987667067,3.1963231132121117,5.625895851314102,5.454311349896345,5.37311780443265,5.328193679585938,7.518048431225851,7.341029220012955,7.273114478363191,7.240574626069237,9.630552614597265,9.47119831399426,9.387693095346368,9.336098624108985,
3.4348489616154723,3.2565773897541197,3.197686528024157,3.171071820376674,5.415916866421437,5.266836412973991,5.204910691788156,5.169468021765471,7.590833682788908,7.446567989151663,7.366265832261937,7.313698782797117,9.56845423685576,9.409542237798739,9.332546931290683,9.286873857584242,
3.421318441260537,3.2566354225483587,3.1962325384285775,3.165689924318493,5.485007369309114,5.313427047915568,5.248974214084275,5.2175532993056715,7.747677726011043,7.599351574445187,7.514363228762407,7.462173387642575,9.663789201637151,9.502457267535299,9.418914920307634,9.369420271051927,
3.4313994318493446,3.233759786218165,3.1442362026557804,3.090494166732692,5.519479894048347,5.340495981794594,5.2663276872479905,5.227283997406356,7.5111577863367085,7.34130021936767,7.2723399680014795,7.23663683661923,9.70841291588384,9.559597602230314,9.474079117483615,9.417885465858458,
3.4517621730507173,3.267362184895424,3.1970147042275756,3.160292821988323,5.485997276062529,5.311547386212651,5.239729088491867,5.200706779418466,7.345394843773693,7.199857392486134,7.15225472901512,7.129323677950133,9.44183711679727,9.26908965362385,9.212265712466833,9.187430062089199,
3.2673807734860736,3.1335172753059903,3.0925536906706586,3.0719391706558543,5.357250108243196,5.210810196154406,5.161758679306045,5.138771209807231,7.637100022960532,7.461281012169483,7.381091200835591,7.3398649073553415,9.761364359501556,9.618032227728353,9.53305413808931,9.479376342188505,
3.326556206817896,3.1554061697482605,3.0897263008597853,3.0516152300047934,5.482548805934947,5.306599679331709,5.2432233996027025,5.213799043007229,7.571708984925073,7.419913225184801,7.34259762123966,7.293706094686865,9.632161362708267,9.460000503208963,9.379917496054457,9.337568516848698,
3.2854380950151585,3.1184173306597707,3.056489274151548,3.01982084081472,5.6294074181110645,5.4597211643423424,5.375510726935041,5.326726107417672,7.515109235108365,7.364534051412196,7.2879273689268445,7.238614334578353,9.69856606225506,9.54814031226586,9.463114571397737,9.408056068521166,
3.424082823349248,3.2602426698782985,3.2013568642868813,3.1723828663711395,5.387475543542069,5.240357388922679,5.187296287632423,5.1607268877077415,7.59727479052559,7.452860496336796,7.370631682885041,7.314106190869406,9.62343366306658,9.451556775072929,9.371944200663732,9.329272556356973,
3.269751793365354,3.132662473314334,3.0969250317459784,3.081046627135341,5.401276376990245,5.240264059258869,5.184529113343553,5.15742169752899,7.504081934764301,7.332209311265995,7.26237980833944,7.22645905959986,9.526578804149953,9.364564637998951,9.293745452949091,9.25521967913404,
3.179798786324559,3.0387874123587992,2.9875966125133573,2.954761756998466,5.593619550879362,5.415299294242909,5.335786032631326,5.293805103763861,7.485572734942753,7.328523853658927,7.2612218335877445,7.224017038665878,9.576136780102942,9.415415341186984,9.338949737564944,9.295161636844178,
3.386097227650808,3.221889746237542,3.168875547409196,3.1442269005298074,5.501802660466524,5.338031903534998,5.268353594970725,5.229764078990662,7.657140777100587,7.497888522309097,7.414518185793597,7.364826399926514,9.701388174466423,9.549834098025238,9.464832400745808,9.411658709542628,
3.206038141108579,3.0465658811124503,2.9814523067848513,2.9401228341603347,5.450757386943045,5.288064650575982,5.221115835492117,5.183926548275915,7.437999297276621,7.275326914317595,7.216359582317122,7.187629845233745,9.652568284073837,9.48423263291013,9.40180647566386,9.355690365480498,
3.2863004669715323,3.13576245745623,3.0874404697854456,3.061543201420822,5.484154562301706,5.321482840369183,5.25057248278091,5.211345135275125,7.568560226872215,7.3993066963097,7.323689041773514,7.282382443316499,9.73005713616122,9.580133816431374,9.494910612533724,9.441986255037074,
3.4460474204510336,3.2791031453349464,3.2131804566691184,3.1780999320940815,5.43733594332731,5.2736257173866115,5.2075950827822215,5.1717295355133155,7.697653811549468,7.5569852830741375,7.470231592677496,7.408914214456891,9.47254642876512,9.308415880473644,9.244242929087,9.211346439856195,
3.2227513335456868,3.0745352017294927,3.0225091416959566,2.9906274344801576,5.369946836823404,5.224185791124665,5.173734755620956,5.1495419705421925,7.713732364734922,7.563966218084652,7.476373677040102,7.418331179027516,9.772298534620436,9.63311679817168,9.548701966690569,9.494168540602487,
3.229805937013828,3.0838599266788758,3.0308809207262195,2.99860645588098,5.519202189264471,5.350479819541058,5.278475737708179,5.239359977021719,7.526828663208187,7.354078596240891,7.284622841645062,7.250047926354889,9.648433438191681,9.480895848477974,9.399233529630818,9.354010172133002,
3.5034234165618736,3.3351732516290284,3.2559245390739817,3.2081447051303154,5.413993437885157,5.241635119257836,5.1777968456223595,5.1445560723767025,7.359965870849179,7.2133580664776895,7.1655948801980145,7.143708637511213,9.788013965393084,9.659851881524226,9.576722935624149,9.51846270735345,
3.4077821809203503,3.2339119410683286,3.1823470850654507,3.1613399626220278,5.512651025040997,5.34801206846171,5.274970268940275,5.234782095526504,7.693509241141924,7.543160700983141,7.455414154008766,7.396176094945899,9.58618143053098,9.421088022034017,9.344035002883913,9.300684462647396,
3.4988374615377187,3.3087434302752485,3.2388791262606906,3.205898932574921,5.304638828670086,5.163866218142761,5.121071708586424,5.1008731250753065,7.558908559824406,7.396270216957208,7.321542037327049,7.279378809552343,9.641604706001129,9.476022379329732,9.394752639550005,9.348552285454618,
3.297502786434576,3.1302111791971337,3.066241255403229,3.0283431495348014,5.550474463715448,5.378443249583939,5.303694206264229,5.263335575687512,7.674380762556686,7.5281411921836785,7.441724464714975,7.383472535879644,9.686032255116372,9.533894443842211,9.449141309005036,9.395295600119379,
3.269813600941058,3.097785518192105,3.035266167848312,2.997969885406073,5.3623381227123845,5.203058195509185,5.148850667241881,5.1216357689917125,7.621191188228442,7.456985536811252,7.377147786207936,7.331545980235326,9.62095228307708,9.446199853073617,9.366654832578833,9.324802504429567,
3.2583637166645234,3.121361141763646,3.0787476224373544,3.0561200225868546,5.545409576805736,5.380338281850749,5.304883181935829,5.262505504376703,7.6673840414389804,7.521025276006249,7.436489384875611,7.378034320893397,9.492663672004745,9.321966106632377,9.257212448617919,9.225876692253927,
3.1890904780104643,3.0443947183635625,2.9905494027529684,2.955470697956438,5.580815641294079,5.4185507249234925,5.332715798969589,5.276881251425462,7.536417511341927,7.373432548115177,7.299964195997713,7.259358169333948,9.598473964583253,9.4225298436529,9.345492780925428,9.306020889449648,
3.2767545512741645,3.1346300207832885,3.0864440895131526,3.060170293126915,5.224587721207122,5.1111301078055575,5.081254099289366,5.067837077901682,7.610234838653184,7.4614243740391375,7.376183436462329,7.317919132828413,9.833811676742226,9.721094678969996,9.643171167182865,9.586851070939014,
3.3585193215224995,3.202402984532318,3.1369329260249423,3.0990561744969827,5.326406849560953,5.183484307407866,5.1419181185026765,5.124148971603319,7.311928270880829,7.176245524451411,7.136427827534117,7.119123916516425,9.83241448600231,9.716632385416036,9.637386971630484,9.580773844690553,
3.5237672147136534,3.346934943530509,3.27497201077169,3.2382650935173425,5.4746840796900385,5.289227813745325,5.216719622247388,5.178702073245538,7.51140883903703,7.345561815598445,7.27676385755781,7.240713109223411,9.647867662409936,9.487561814558694,9.401339941151223,9.346864647820789,
3.185154355528868,3.059149345592719,3.0189994243945195,2.9945182734226194,5.398157189198142,5.234507337949175,5.177876240441433,5.150186913046656,7.618981656378927,7.462007619014624,7.380042930520948,7.328835904700009,9.69742639888118,9.538697839216244,9.45421928009364,9.404437026871904,
3.3692161649688437,3.2055046712758855,3.1503012459302964,3.1226155854265802,5.418398223913922,5.259174985479142,5.198545472734148,5.167095424093889,7.588123109952845,7.429453798473195,7.350990965635145,7.304426298253441,9.724330298590182,9.576382200002124,9.490685041634322,9.435630377358486,
3.32442922231498,3.1597155439713234,3.0932811982763484,3.054343518682384,5.312496595441161,5.174590536390799,5.129447033582284,5.107169172226524,7.575045887978594,7.3995329497927536,7.324319735135169,7.285442646791012,9.461272867165045,9.297090532826344,9.235818192338753,9.205785404328854,
3.4360888524070266,3.25266921408806,3.178157760903662,3.1366369146018007,5.448656933722884,5.278208173596774,5.205287314588892,5.163641628568236,7.540179696546042,7.376225801393795,7.2999896693316435,7.255485248478811,9.592153679409613,9.431577605975782,9.352370682733742,9.30493982015986,
3.4692282508401044,3.2881637011284632,3.2153230338123566,3.17613693321816,5.526011413419033,5.361325287953498,5.290756165313786,5.25340086044618,7.5253251154589735,7.353859402510756,7.283592607444429,7.247592897945617,9.624776703113195,9.467631276145466,9.385795684486935,9.335007364951213,
3.34275623806377,3.1651820842448743,3.100844436214645,3.064780045194032,5.594992825210467,5.413976503670445,5.3334296457288595,5.290922544453284,7.37454004685638,7.215037021626939,7.167100768765916,7.146516464745781,9.561390852865394,9.395189156308746,9.32092441250301,9.280282921579659,
3.2305281464822375,3.0574360212194804,2.981067735531277,2.9330713344487958,5.299471461649016,5.15861640631241,5.109056433111848,5.082215051680564,7.38936423004027,7.233949058955078,7.1831121041255095,7.159987061921257,9.519947282856615,9.359865222242568,9.289574597922073,9.251234537598057,
3.3371342576783003,3.1652672708879845,3.0922235488950687,3.0487621747395233,5.444233051467204,5.282948095346922,5.213350931299314,5.174112375922338,7.562025189726132,7.401968155836575,7.326014161561214,7.281256584887459,9.57616784463301,9.404902059312658,9.329583106740587,9.28943159294037,
3.519408246717371,3.3455371801800298,3.2700840038100085,3.228675729912278,5.514964010398087,5.348692241049514,5.274292265228951,5.231801066935353,7.483224253785133,7.314871664754327,7.250610782571578,7.219106368807949,9.70289252367016,9.545677650378996,9.460568732689616,9.40913277275297,
3.237180806708757,3.1113381893660663,3.0652069105243682,3.0385312798028994,5.44038409462436,5.281947193332981,5.21464827133862,5.17628841128783,7.360646551258716,7.20997135220412,7.163651952543942,7.143410865511881,9.520315578953849,9.359575370134484,9.289773717727108,9.251770715397038,
3.2395893748027973,3.05534161652229,2.979187975511287,2.9319208535638106,5.469572854469428,5.315490609394797,5.242746934109183,5.1989614064281415,7.337054360559763,7.2036635414624985,7.157458568014534,7.134896668591718,9.678779268715724,9.524816893943575,9.440721673468655,9.38834841564681,
3.3785210728326325,3.2058935209353643,3.134927761834161,3.09372239927149,5.311773199138129,5.16927599100299,5.126760686181893,5.1071962029576214,7.695449882939358,7.536699271812624,7.450431484033036,7.397475865506323,9.671488462517477,9.517606014764898,9.433055620383385,9.379688838666285,
3.4297140313353696,3.248466157994347,3.187598289092475,3.1590605332049426,5.361351100549766,5.206546866267333,5.159938426715779,5.13970788173022,7.5717036852331905,7.40549885303349,7.328097552317009,7.284119572381958,9.676207336099695,9.52368771989454,9.439895431894508,9.387641783680959,
3.383402741904811,3.2006903689869994,3.138379515049178,3.1063724549524285,5.624719902874344,5.473758701951955,5.391348909254054,5.3392190282421295,7.281647862336504,7.148979305882018,7.11446552784679,7.100436849677367,9.675913301711454,9.525471282763448,9.44132033299655,9.387347401802684,
3.2980299975514855,3.1526902873909894,3.112039382019007,3.0935658086215594,5.563277884686313,5.398139313369936,5.315905956107461,5.265631165626454,7.3981763583964995,7.239280817413624,7.187112943070707,7.1633896355230355,9.70816540559293,9.562817876381752,9.47773216644526,9.42214713311699,
3.231690539298031,3.0677854535337303,3.002277538879568,2.9611070253363225,5.276666764893536,5.144419372866737,5.110340771924791,5.096342966078133,7.458757559100347,7.2922496174264895,7.229832916835819,7.198884672608589,9.62554685290021,9.460665733571588,9.380258447351041,9.334040270625168,
3.270455921729136,3.13323736342102,3.095428897177858,3.077736912953351,5.34956455348723,5.201637961157298,5.1525749756815475,5.128882375459076,7.715754154706623,7.567059024034891,7.47916307744902,7.419699109235444,9.51273039767543,9.347168204327215,9.27866351493955,9.24232928345212,
3.354167998872322,3.155520178081743,3.0727693821590765,3.0235285374279934,5.480749756316622,5.313621881143277,5.238817290584381,5.194117672045567,7.588280817799885,7.413690166766548,7.337521090109623,7.298331886664161,9.585950280958667,9.417663271791584,9.340892825990037,9.298773199817738,
3.354123965513968,3.1618941454828904,3.0882785990480475,3.0457586274591613,5.5467614965423,5.388881174998032,5.313769854998318,5.270456218242675,7.446014191012017,7.282689516141539,7.22365399337548,7.195529115733739,9.577600582729023,9.420799557821976,9.343529393866993,9.29729624628401,
3.3838253175996043,3.2015529220034953,3.1302752950547226,3.0900590025553103,5.470276940062039,5.29579615850689,5.228945707423557,5.195280634460219,7.4509957142279735,7.281964034728802,7.222145489212424,7.194098865126632,9.700555631273774,9.556122561149545,9.470742183444084,9.412452955648961,
3.303220953937973,3.1566608515076453,3.1135480980470067,3.093046104141007,5.419448733511773,5.256344325273277,5.19492904261362,5.162849783325194,7.598025960091536,7.426933552224282,7.3490706540845885,7.306804724682643,9.524344853157242,9.352523999401122,9.28356307352958,9.249034715474076,
3.2875534634278694,3.155219392023334,3.114000919345392,3.094332413405566,5.617836697200945,5.473465476484053,5.389376656609659,5.330592670269746,7.677533416513212,7.523488918046099,7.437719638149614,7.38248369504059,9.717318935559359,9.56400220990811,9.478957192937106,9.427052105208514,
3.3746460506150897,3.200648638722147,3.137444432149742,3.1034675088554606,5.354050674717898,5.2029210035115625,5.155030853825395,5.132731810018856,7.493741990526823,7.327133170171254,7.2596238665496715,7.224339463529861,9.555247436968259,9.38191200318044,9.309431896212885,9.272785102705146,
